Manholes 20
1 103594 117364 2555.67
2 103674 117349 2555.62
3 103777 117331 2555.38
4 103833 117324 2555.14
5 103580 117310 2555.72
6 103658 117290 2555.88
7 103761 117265 2555.4
8 103821 117246 2554.97
9 103483 117238 2555.29
10 103554 117243 2556.02
11 103641 117221 2555.52
12 103744 117194 2555.63
13 103816 117172 2555.01
14 103470 117172 2555.87
15 103519 117160 2555.65
16 103619 117136 2555.66
17 103722 117111 2555.5
18 103808 117093 2555.14
19 103808 117008 2555.24
20 103808 116998 2555.34
Sections 27
1 2 I 0.01027
1 5 I 0.02408
2 3 I 0.05662
2 6 C 0.01545
3 4 C 0.06997
3 7 I 0.04405
4 8 C 0.10387
5 6 C 0.05843
6 7 C 0.10387
6 11 I 0.04986
7 8 I 0.04977
7 12 C 0.17575
8 13 C 0.20774
9 10 I 0.0156875
9 14 I 0.0189125
10 11 I 0.06275
10 15 C 0.0156875
11 12 I 0.0889
11 16 C 0.11261
12 13 C 0.32865
13 18 C 0.59384
14 15 C 0.0483125
15 16 C 0.12475
16 17 C 0.31161
17 18 C 0.36031
18 19 C 1.0174
19 20 C 1.0387
