Manholes 17
1 100 500 100
2 200 500 100
3 300 500 100
4 400 500 100
5 100 400 100
6 200 400 100
7 300 400 100
8 400 400 100
9 100 300 100
10 200 300 100
11 300 300 100
12 400 300 100
13 100 200 100
14 200 200 100
15 300 200 100
16 400 200 100
17 400 100 100
Sections 25
1 5 C 1.23047
2 1 C 0.902344
3 2 I 0.328125
3 7 C 0.0820312
4 3 I 0.0820313
4 8 I 0.246094
5 9 C 1.64063
6 2 I 0.246094
6 5 C 0.0820313
6 10 I 0.0820313
7 6 I 0.0820313
7 8 C 0.410156
8 12 C 0.984375
9 13 C 2.54297
10 9 C 0.574219
11 7 C 0.0820313
11 10 I 0.0820312
11 15 I 0.246094
12 11 I 0.0820312
12 16 C 1.23047
13 14 C 2.87109
14 10 I 0.0820313
14 15 C 3.11719
15 16 C 3.69141
16 17 C 5.25
