Manholes 17
1 10 50 100
2 20 50 100
3 30 50 100
4 40 50 100
5 10 40 100
6 20 40 100
7 30 40 100
8 40 40 100
9 10 30 100
10 20 30 100
11 30 30 100
12 40 30 100
13 10 20 100
14 20 20 100
15 30 20 100
16 40 20 100
17 40 10 100
Sections 25
1 5 C 0.410156
2 1 I 0.0820313
2 3 I 0.164063
2 6 I 0.0820313
3 7 C 0.902344
4 3 C 0.410156
5 9 C 0.820313
6 5 I 0.0820313
6 7 I 0.246094
6 10 C 0.0820313
7 8 C 1.39453
7 11 I 0.0820312
8 4 I 0.0820313
8 12 C 1.64063
9 13 C 1.23047
10 9 C 0.0820313
10 11 I 0.0820313
10 14 I 0.246094
11 12 I 0.0820313
11 15 C 0.410156
12 16 C 2.05078
13 14 C 1.55859
14 15 C 2.13281
15 16 C 2.87109
16 17 C 5.25
