Manholes 15
1 0 0 160.5
2 100 75 160.49
3 100 220 160.5
4 0 330 160.49
5 140 330 160.5
6 200 220 160.49
7 200 75 160.5
8 120 0 160.49
9 250 0 160.5
10 320 75 160.49
11 320 220 160.5
12 250 330 160.49
13 400 0 160.5
14 400 -130 160.49
15 405 -135 160
Sections 21
1 8 C 0.125
2 1 C 0.025
2 7 I 0.1
3 2 I 0.025
3 6 C 0.15
4 3 I 0.075
4 5 I 0.025
5 6 I 0.025
5 12 C 0.1
6 7 C 0.175
6 11 I 0.1
7 10 C 0.4
8 7 I 0.025
8 9 C 0.2
9 13 C 0.325
10 9 I 0.025
10 13 C 0.875
11 10 C 0.4
12 11 C 0.2
13 14 C 1.3
14 15 C 1.4